До обработки 
   41   67   34    0   69   24   78   58   62   64
    5   45   81   27   61   91   95   42   27   36
   91    4    2   53   92   82   21   16   18   95
   47   26   71   38   69   12   67   99   35   94
    3   11   22   33   73   64   41   11   53   68

После сортировки по позициям единиц: 
    0   41   81   61   91   91   21   71   11   41
   11   62   42    2   92   82   12   22   53    3
   33   73   53   34   24   64    4   94   64    5
   45   95   95   35   36   16   26   67   27   27
   47   67   78   58   18   38   68   69   69   99

После сортировки по позициям десяток: 
    0    2    3    4    5   11   11   12   16   18
   21   22   24   26   27   27   33   34   35   36
   38   41   41   42   45   47   53   53   58   61
   62   64   64   67   67   68   69   69   71   73
   78   81   82   91   91   92   94   95   95   99

До обработки 
   41   67   34    0   69   24   78   58   62   64
    5   45   81   27   61   91   95   42   27   36
   91    4    2   53   92   82   21   16   18   95
   47   26   71   38   69   12   67   99   35   94
    3   11   22   33   73   64   41   11   53   68

После сортировки по позициям единиц: 
    0   41   81   61   91   91   21   71   11   41
   11   62   42    2   92   82   12   22   53    3
   33   73   53   34   24   64    4   94   64    5
   45   95   95   35   36   16   26   67   27   27
   47   67   78   58   18   38   68   69   69   99

После сортировки по позициям десяток: 
    0    2    3    4    5   11   11   12   16   18
   21   22   24   26   27   27   33   34   35   36
   38   41   41   42   45   47   53   53   58   61
   62   64   64   67   67   68   69   69   71   73
   78   81   82   91   91   92   94   95   95   99

