Матрица размера 15x15
Вывод начального массива
31 7 24 -10 9 14 18 -2 2 4 -5 35 21 17 1 
31 35 32 17 26 31 -6 -8 -7 32 22 11 6 8 35 
37 16 11 28 9 2 7 39 25 34 -7 1 12 23 13 
4 31 1 -7 8 37 34 2 -3 27 -1 13 31 19 18 
6 25 30 32 28 -4 30 32 4 38 36 -5 30 19 10 
-10 -4 -9 33 38 19 13 24 -6 -4 30 6 16 21 -2 
34 29 16 13 27 28 8 22 19 31 23 5 29 -2 -6 
20 17 -4 13 26 11 35 14 12 10 19 17 13 37 2 
26 30 1 26 -5 7 -5 14 21 -8 -10 -10 31 14 6 
20 -3 31 -3 27 -3 27 -7 23 35 -1 -1 -2 11 28 
12 36 -4 20 3 8 -10 31 2 -5 0 -1 14 27 38 
23 35 31 -8 -10 31 26 14 10 36 11 38 39 8 24 
21 24 -7 39 8 28 -10 28 17 7 18 33 38 23 -3 
11 0 7 3 4 -1 6 25 -9 -10 39 9 -4 38 -7 
14 -2 34 -1 29 -8 35 25 33 33 13 27 4 -7 38 
Количество строк, не содержащих ни одного нулевого элемента : 13
Количество элементов (максимальное число) > 1 : 39
Количество отрицательных элементов в тех строках, которые содержат хотя бы один нулевой элемент : 9